4.837130e+00 2.367228e+00 1.000000e+00
4.600071e+00 1.385572e+00 1.000000e+00
4.277201e+00 1.274275e+00 1.000000e+00
5.012062e+00 1.760965e+00 1.665479e+00
5.100620e+00 1.555730e+00 1.663290e+00
5.528518e+00 1.837764e+00 1.674064e+00
5.456684e+00 1.806257e+00 1.673198e+00
5.058171e+00 1.448065e+00 1.663424e+00
4.435970e+00 1.352288e+00 1.000000e+00
5.692687e+00 1.966983e+00 1.679502e+00
5.165428e+00 1.835710e+00 1.670421e+00
4.409559e+00 1.884501e+00 1.000000e+00
5.428622e+00 3.070450e+00 1.677422e+00
4.950215e+00 1.776512e+00 1.666087e+00
4.948908e+00 1.672300e+00 1.000000e+00
6.133642e+00 2.330882e+00 1.695294e+00
4.822282e+00 1.301332e+00 1.658628e+00
5.059204e+00 2.439977e+00 1.694442e+00
5.160555e+00 1.500058e+00 1.000000e+00
5.132518e+00 1.603236e+00 1.000000e+00
5.791036e+00 2.210270e+00 1.686697e+00
4.750551e+00 2.204259e+00 1.000000e+00
5.230610e+00 2.131465e+00 1.000000e+00
5.572111e+00 1.953194e+00 1.681771e+00
5.160154e+00 1.765842e+00 1.668664e+00
5.028552e+00 1.498361e+00 1.000000e+00
4.415770e+00 1.222902e+00 1.000000e+00
6.034756e+00 2.252823e+00 1.693214e+00
5.271654e+00 1.933869e+00 1.674971e+00
4.787776e+00 1.243695e+00 1.000000e+00
5.500587e+00 1.796302e+00 1.676393e+00
5.173752e+00 1.678311e+00 1.000000e+00
5.354944e+00 1.768744e+00 1.670128e+00
5.014666e+00 1.289762e+00 1.657548e+00
5.807688e+00 2.458312e+00 1.691349e+00
5.523257e+00 1.773566e+00 1.673931e+00
4.981919e+00 1.304658e+00 1.659482e+00
6.350148e+00 2.741338e+00 1.723819e+00
5.973952e+00 2.306490e+00 1.693810e+00
5.357324e+00 2.012652e+00 1.671245e+00
6.426359e+00 2.231101e+00 1.705081e+00
4.649769e+00 1.436566e+00 1.000000e+00
5.405320e+00 1.776297e+00 1.671305e+00
4.647827e+00 1.352762e+00 1.000000e+00
4.533963e+00 1.217238e+00 1.000000e+00
5.325108e+00 2.239309e+00 1.000000e+00
4.801396e+00 1.527871e+00 1.000000e+00
5.209514e+00 1.768780e+00 1.670506e+00
5.116865e+00 1.869946e+00 1.671472e+00
5.547717e+00 1.834263e+00 1.674666e+00
4.980527e+00 1.922538e+00 1.000000e+00
5.375804e+00 1.674676e+00 1.670387e+00
4.581345e+00 1.202684e+00 1.645893e+00
4.764025e+00 1.390832e+00 1.000000e+00
6.065209e+00 2.405544e+00 1.707882e+00
5.095704e+00 2.014511e+00 1.000000e+00
4.456279e+00 1.358682e+00 1.000000e+00
4.799462e+00 1.275803e+00 1.654737e+00
4.076917e+00 1.799793e+00 1.000000e+00
4.378278e+00 1.122816e+00 1.000000e+00
5.508600e+00 2.230707e+00 1.679480e+00
5.155208e+00 1.557673e+00 1.666639e+00
4.953191e+00 1.982777e+00 1.000000e+00
4.278917e+00 9.364261e-01 1.000000e+00
4.306212e+00 1.662500e+00 1.000000e+00
5.759845e+00 2.074318e+00 1.687444e+00
4.069723e+00 1.876969e+00 1.000000e+00
4.826796e+00 1.325280e+00 1.000000e+00
4.823736e+00 1.298892e+00 1.000000e+00
5.195490e+00 2.105988e+00 1.000000e+00
4.652405e+00 1.181264e+00 1.000000e+00
5.875098e+00 2.179134e+00 1.692775e+00
4.384319e+00 1.059198e+00 1.000000e+00
4.467009e+00 1.057166e+00 1.000000e+00
4.856874e+00 1.401751e+00 1.660915e+00
4.703940e+00 2.217216e+00 1.000000e+00
4.850187e+00 1.595498e+00 1.662591e+00
5.159192e+00 1.627496e+00 1.666780e+00
5.551301e+00 1.908722e+00 1.678661e+00
4.665473e+00 2.195545e+00 1.211320e+00
4.696076e+00 1.289234e+00 1.000000e+00
4.478525e+00 1.155418e+00 1.000000e+00
4.393751e+00 1.055741e+00 1.000000e+00
4.942096e+00 1.787618e+00 1.675403e+00
4.425638e+00 1.107835e+00 1.000000e+00
4.062077e+00 1.830435e+00 1.000000e+00
4.757057e+00 1.477368e+00 1.000000e+00
4.959558e+00 1.928921e+00 1.000000e+00
4.654282e+00 1.061626e+00 1.000000e+00
5.127806e+00 1.843803e+00 1.669640e+00
4.611101e+00 2.021245e+00 1.000000e+00
4.769836e+00 1.271009e+00 1.000000e+00
4.208458e+00 8.904299e-01 1.000000e+00
4.972767e+00 1.942381e+00 1.000000e+00
4.293992e+00 1.011318e+00 1.000000e+00
4.677029e+00 1.673769e+00 1.000000e+00
4.394895e+00 1.767766e+00 1.000000e+00
5.159858e+00 2.085275e+00 1.673396e+00
4.774940e+00 1.305582e+00 1.000000e+00
4.826399e+00 1.837460e+00 1.000000e+00
