4.990853e+00 1.710455e+00 1.029001e+00 2.618283e+00
4.678718e+00 1.762909e+00 1.000000e+00 2.411353e+00
4.214237e+00 1.526255e+00 1.000000e+00 2.963716e+00
5.045822e+00 1.927655e+00 1.662845e+00 2.012985e+00
5.075967e+00 1.791877e+00 1.000000e+00 2.289785e+00
4.691162e+00 1.726738e+00 1.000000e+00 2.410467e+00
4.987405e+00 1.691724e+00 1.000000e+00 2.397399e+00
5.036768e+00 1.847917e+00 1.662835e+00 1.923845e+00
4.577604e+00 1.555531e+00 1.000000e+00 1.229465e+00
4.938201e+00 1.496455e+00 1.000000e+00 2.579285e+00
5.064491e+00 1.775327e+00 1.666720e+00 2.015054e+00
5.099938e+00 1.992527e+00 1.664730e+00 1.452801e+00
5.024365e+00 1.773595e+00 1.628774e+00 2.138798e+00
4.713825e+00 1.650237e+00 1.000000e+00 2.233687e+00
5.143110e+00 1.716313e+00 1.666582e+00 2.157929e+00
5.110585e+00 1.875509e+00 1.664109e+00 1.965718e+00
5.077671e+00 1.717284e+00 1.667963e+00 1.834857e+00
4.720581e+00 1.750442e+00 1.000000e+00 1.378559e+00
5.049676e+00 1.832890e+00 1.666417e+00 2.038538e+00
4.642051e+00 1.643703e+00 1.000000e+00 2.454849e+00
5.012145e+00 1.902916e+00 1.648002e+00 2.083819e+00
5.074494e+00 1.804119e+00 1.665579e+00 1.859775e+00
4.714602e+00 1.819937e+00 1.000000e+00 2.416744e+00
4.968793e+00 1.849242e+00 1.668679e+00 3.283853e+00
4.540423e+00 1.608660e+00 1.000000e+00 1.206401e+00
4.999671e+00 1.838175e+00 1.664493e+00 1.859570e+00
4.647660e+00 1.593686e+00 1.000000e+00 2.876908e+00
4.616517e+00 1.643452e+00 1.000000e+00 2.460123e+00
4.444300e+00 1.624039e+00 1.000000e+00 1.153056e+00
4.981270e+00 1.790914e+00 1.122238e+00 1.842247e+00
4.525750e+00 1.576754e+00 1.000000e+00 4.028379e+00
4.544865e+00 1.576367e+00 1.000000e+00 2.623061e+00
4.419154e+00 1.588101e+00 1.000000e+00 2.752350e+00
4.684039e+00 1.869352e+00 1.000000e+00 2.563277e+00
4.929337e+00 1.877993e+00 1.068412e+00 1.804729e+00
4.486540e+00 1.608091e+00 1.000000e+00 4.143584e+00
4.454966e+00 1.596512e+00 1.000000e+00 2.710200e+00
4.541872e+00 1.624185e+00 1.000000e+00 1.280265e+00
4.579487e+00 1.667101e+00 1.000000e+00 1.357681e+00
4.496536e+00 1.585944e+00 1.000000e+00 3.887631e+00
4.431795e+00 1.605696e+00 1.000000e+00 2.767317e+00
4.461329e+00 1.562471e+00 1.000000e+00 1.325017e+00
5.033853e+00 1.822893e+00 1.442978e+00 1.689404e+00
5.028040e+00 1.913792e+00 1.158909e+00 2.001886e+00
5.066494e+00 2.057962e+00 1.574173e+00 2.519286e+00
4.715255e+00 1.632881e+00 1.000000e+00 2.260883e+00
4.461115e+00 1.637075e+00 1.000000e+00 1.390458e+00
5.014858e+00 1.891447e+00 1.523748e+00 2.070833e+00
5.064631e+00 1.998881e+00 1.657818e+00 2.115021e+00
4.612443e+00 1.679188e+00 1.000000e+00 2.338785e+00
5.018152e+00 1.703451e+00 1.667403e+00 1.906243e+00
5.058572e+00 1.731403e+00 1.669121e+00 1.779368e+00
5.089677e+00 1.894933e+00 1.681001e+00 3.564559e+00
5.158101e+00 1.825500e+00 1.675959e+00 1.596350e+00
5.305494e+00 1.985421e+00 1.679695e+00 1.572196e+00
5.014031e+00 1.691015e+00 1.667057e+00 2.567791e+00
4.818352e+00 1.678332e+00 1.000000e+00 1.720987e+00
5.026001e+00 1.694659e+00 1.669939e+00 1.658784e+00
5.036715e+00 1.878886e+00 1.702469e+00 3.727551e+00
5.055530e+00 1.742986e+00 1.666366e+00 1.833767e+00
4.992651e+00 1.643794e+00 1.230669e+00 2.421492e+00
5.061849e+00 1.689642e+00 1.665684e+00 2.222808e+00
5.274583e+00 2.047349e+00 1.686608e+00 1.454066e+00
5.162444e+00 1.760475e+00 1.670740e+00 2.623046e+00
5.248977e+00 1.799683e+00 1.674395e+00 2.712330e+00
4.837876e+00 1.680785e+00 1.000000e+00 1.949169e+00
5.265061e+00 1.866796e+00 1.676585e+00 2.537004e+00
5.092529e+00 1.770110e+00 1.672014e+00 1.645191e+00
4.991102e+00 1.596254e+00 1.089586e+00 1.927586e+00
5.284968e+00 1.853069e+00 1.679029e+00 1.556467e+00
5.087206e+00 1.709631e+00 1.668323e+00 2.271967e+00
5.169328e+00 1.701943e+00 1.669433e+00 2.140548e+00
5.024224e+00 1.690295e+00 1.665961e+00 2.069883e+00
5.104596e+00 1.732512e+00 1.669051e+00 2.178238e+00
5.072023e+00 1.707487e+00 1.667516e+00 2.103726e+00
5.103958e+00 1.676165e+00 1.666914e+00 1.598507e+00
5.124204e+00 1.754089e+00 1.673599e+00 2.588792e+00
5.017413e+00 1.722965e+00 1.677247e+00 1.813252e+00
4.971290e+00 1.712582e+00 1.287537e+00 2.358438e+00
5.017272e+00 1.720918e+00 1.010741e+00 2.520767e+00
4.950982e+00 1.661674e+00 1.668704e+00 2.183224e+00
4.791207e+00 1.632079e+00 1.000000e+00 2.478544e+00
5.301797e+00 1.921028e+00 1.681381e+00 2.906236e+00
5.061736e+00 1.716218e+00 1.667266e+00 2.180504e+00
5.025721e+00 1.691583e+00 1.666454e+00 2.187208e+00
5.244442e+00 1.813719e+00 1.675052e+00 2.261164e+00
5.245414e+00 1.922709e+00 1.677718e+00 2.586604e+00
4.818791e+00 1.613931e+00 1.000000e+00 2.119592e+00
4.912441e+00 1.640366e+00 1.381667e+00 2.169861e+00
4.968462e+00 1.639105e+00 1.664294e+00 2.166422e+00
5.098280e+00 1.647920e+00 1.667679e+00 2.298381e+00
5.256202e+00 1.847931e+00 1.675119e+00 1.955455e+00
5.296429e+00 1.867962e+00 1.677161e+00 2.426876e+00
5.139912e+00 1.718252e+00 1.672207e+00 2.099981e+00
5.256866e+00 1.833917e+00 1.677526e+00 1.949878e+00
5.084007e+00 1.720469e+00 1.669681e+00 2.123283e+00
5.323120e+00 1.783764e+00 1.677618e+00 2.711737e+00
5.311823e+00 1.891485e+00 1.678175e+00 2.088071e+00
5.131162e+00 1.852097e+00 1.682827e+00 3.219729e+00
4.921828e+00 1.594916e+00 1.066567e+00 2.298490e+00
