3.715579e+00 1.092486e+00 1.000000e+00 2.618283e+00
3.644462e+00 1.038383e+00 1.000000e+00 2.411353e+00
5.692442e+00 1.546731e+00 1.675544e+00 2.963716e+00
5.699166e+00 1.495441e+00 1.675932e+00 2.012985e+00
5.641374e+00 2.464992e+00 1.725171e+00 2.289785e+00
5.657745e+00 2.442634e+00 1.729027e+00 2.410467e+00
5.657575e+00 2.465559e+00 1.732897e+00 2.397399e+00
4.572973e+00 1.764204e+00 1.000000e+00 1.923845e+00
4.626031e+00 1.742900e+00 1.000000e+00 1.229465e+00
5.699818e+00 2.439935e+00 1.725139e+00 2.579285e+00
5.069266e+00 7.294276e-01 1.651897e+00 2.015054e+00
5.474379e+00 2.305421e+00 1.000000e+00 1.452801e+00
5.586649e+00 2.384334e+00 1.732615e+00 2.138798e+00
5.426857e+00 2.279062e+00 1.000000e+00 2.233687e+00
5.646627e+00 2.260645e+00 1.715416e+00 2.157929e+00
4.600061e+00 1.669080e+00 1.000000e+00 1.965718e+00
4.591655e+00 1.614177e+00 1.000000e+00 1.834857e+00
4.496017e+00 1.667071e+00 1.000000e+00 1.378559e+00
5.529094e+00 2.200829e+00 1.717300e+00 2.038538e+00
4.977010e+00 6.108146e-01 1.646659e+00 2.454849e+00
5.608231e+00 1.300196e+00 1.671720e+00 2.083819e+00
4.568735e+00 1.601776e+00 1.000000e+00 1.859775e+00
5.508331e+00 2.259256e+00 1.741496e+00 2.416744e+00
3.677337e+00 2.076427e+00 1.640936e+00 3.283853e+00
4.513939e+00 1.542682e+00 1.000000e+00 1.206401e+00
4.508999e+00 1.522905e+00 1.000000e+00 1.859570e+00
4.827883e+00 -1.000000e+00 1.000000e+00 2.876908e+00
5.462932e+00 2.097661e+00 1.722021e+00 2.460123e+00
4.484817e+00 1.566633e+00 1.000000e+00 1.153056e+00
4.452942e+00 1.488294e+00 1.000000e+00 1.842247e+00
5.395509e+00 3.536251e+00 1.655192e+00 4.028379e+00
5.467712e+00 2.042177e+00 1.711172e+00 2.623061e+00
5.433029e+00 2.067718e+00 1.720128e+00 2.752350e+00
5.465269e+00 2.099984e+00 1.721209e+00 2.563277e+00
4.408163e+00 1.459752e+00 1.000000e+00 1.804729e+00
6.279661e+00 2.585621e+00 1.710893e+00 4.143584e+00
5.474372e+00 1.149280e+00 1.664871e+00 2.710200e+00
4.510768e+00 1.417681e+00 1.000000e+00 1.280265e+00
4.415314e+00 1.423415e+00 1.000000e+00 1.357681e+00
5.478685e+00 2.620872e+00 1.658794e+00 3.887631e+00
5.382752e+00 1.914370e+00 1.703530e+00 2.767317e+00
4.383584e+00 1.361006e+00 1.000000e+00 1.325017e+00
5.196736e+00 1.834365e+00 1.000000e+00 1.689404e+00
4.364160e+00 1.400342e+00 1.000000e+00 2.001886e+00
5.309312e+00 3.427308e+00 1.653394e+00 2.519286e+00
5.278461e+00 1.863702e+00 1.000000e+00 2.260883e+00
4.368582e+00 1.392435e+00 1.000000e+00 1.390458e+00
5.355161e+00 1.884292e+00 1.702645e+00 2.070833e+00
4.344092e+00 1.332612e+00 1.000000e+00 2.115021e+00
5.200560e+00 1.896477e+00 1.000000e+00 2.338785e+00
4.259894e+00 1.094901e+00 1.000000e+00 1.906243e+00
4.378499e+00 1.205212e+00 1.000000e+00 1.779368e+00
5.963757e+00 3.875311e+00 1.681381e+00 3.564559e+00
4.808619e+00 1.379696e+00 1.000000e+00 1.596350e+00
5.046640e+00 1.570567e+00 1.665373e+00 1.572196e+00
6.162371e+00 2.367549e+00 1.701799e+00 2.567791e+00
4.335827e+00 1.127647e+00 1.000000e+00 1.720987e+00
4.572696e+00 1.201052e+00 1.000000e+00 1.658784e+00
6.849517e+00 2.696599e+00 1.782706e+00 3.727551e+00
4.360524e+00 1.173204e+00 1.000000e+00 1.833767e+00
6.086382e+00 2.335357e+00 1.698943e+00 2.421492e+00
6.051911e+00 2.314354e+00 1.696779e+00 2.222808e+00
5.255630e+00 1.617106e+00 1.668286e+00 1.454066e+00
6.364295e+00 2.496110e+00 1.714591e+00 2.623046e+00
5.910519e+00 2.385466e+00 1.738217e+00 2.712330e+00
4.929272e+00 2.489718e+00 1.000000e+00 1.949169e+00
5.737095e+00 4.200000e+00 1.000000e+00 2.537004e+00
4.749691e+00 1.280912e+00 1.000000e+00 1.645191e+00
4.188973e+00 9.912707e-01 1.000000e+00 1.927586e+00
4.988082e+00 1.388858e+00 1.677462e+00 1.556467e+00
6.159572e+00 2.357561e+00 1.701557e+00 2.271967e+00
6.183453e+00 2.289571e+00 1.702208e+00 2.140548e+00
4.155763e+00 9.455379e-01 1.000000e+00 2.069883e+00
6.160235e+00 2.298613e+00 1.701568e+00 2.178238e+00
4.145975e+00 9.227403e-01 1.000000e+00 2.103726e+00
4.938924e+00 2.329422e+00 1.000000e+00 1.598507e+00
5.322372e+00 4.199979e+00 1.623282e+00 2.588792e+00
4.773141e+00 4.199952e+00 1.597225e+00 1.813252e+00
6.093889e+00 2.279548e+00 1.698242e+00 2.358438e+00
6.122895e+00 2.256670e+00 1.698766e+00 2.520767e+00
5.944601e+00 2.099980e+00 1.691180e+00 2.183224e+00
5.970600e+00 2.170677e+00 1.690735e+00 2.478544e+00
6.746840e+00 2.618546e+00 1.752856e+00 2.906236e+00
6.035928e+00 2.190637e+00 1.694979e+00 2.180504e+00
4.119310e+00 8.123685e-01 1.000000e+00 2.187208e+00
6.176505e+00 3.666753e+00 1.748848e+00 2.261164e+00
5.550449e+00 4.199976e+00 1.631463e+00 2.586604e+00
4.061267e+00 7.841644e-01 1.000000e+00 2.119592e+00
4.811889e+00 1.249512e+00 1.000000e+00 2.169861e+00
5.897851e+00 2.055016e+00 1.688829e+00 2.166422e+00
4.101871e+00 6.499596e-01 1.000000e+00 2.298381e+00
4.803941e+00 1.042062e+00 1.230209e+00 1.955455e+00
6.376116e+00 3.845480e+00 1.793744e+00 2.426876e+00
6.021518e+00 3.488871e+00 1.739785e+00 2.099981e+00
4.793315e+00 1.061258e+00 1.267680e+00 1.949878e+00
4.390454e+00 8.274071e-01 1.000000e+00 2.123283e+00
6.519861e+00 2.524631e+00 1.726864e+00 2.711737e+00
4.737114e+00 9.755548e-01 1.000000e+00 2.088071e+00
6.566607e+00 2.489217e+00 1.728755e+00 3.219729e+00
3.994688e+00 5.562648e-01 1.000000e+00 2.298490e+00
